# Weather data for the past 30 days
      date  temp_high  temp_low  precipitation  humidity
2025-02-16  78.973713 62.131383       0.038738 65.870471
2025-02-17  73.893886 59.492361       2.167073 62.009926
2025-02-18  80.181508 68.961126       0.739742 65.917608
2025-02-19  87.184239 72.232470       0.110770 45.124311
2025-02-20  73.126773 62.782888       0.002769 62.803281
2025-02-21  73.126904 54.033700       0.844948 68.571126
2025-02-22  87.633703 75.045903       0.613548 79.778940
2025-02-23  81.139478 64.514255       0.652831 59.817298
2025-02-24  71.244205 58.127094       0.737607 56.915064
2025-02-25  79.340480 64.139800       0.038465 59.982430
2025-02-26  71.292658 55.825556       0.221946 74.154021
2025-02-27  71.274162 59.425617       0.061575 68.287511
2025-02-28  76.935698 57.239852       0.994265 59.702398
2025-03-01  59.693758 41.942430       0.488151 70.132674
2025-03-02  61.200657 41.805668       0.200909 65.970775
2025-03-03  70.501700 51.553426       0.032834 74.686450
2025-03-04  66.897351 50.918351       0.186244 57.979469
2025-03-05  77.513979 58.295236       0.196657 61.723379
2025-03-06  67.735807 56.850882       0.653938 61.078918
2025-03-07  63.701570 51.741742       0.507445 50.364851
2025-03-08  86.725190 76.272917       1.091126 67.961203
2025-03-09  73.193790 59.940486       0.319533 67.610553
2025-03-10  75.540226 61.653453       0.063686 65.051135
2025-03-11  63.602015 50.888524       0.624563 62.654129
2025-03-12  70.644938 52.357563       0.715196 50.846293
2025-03-13  75.887381 62.319847       0.411944 60.793547
2025-03-14  65.792051 52.982706       0.736945 61.572855
2025-03-15  78.005584 62.578623       0.340407 56.977227
2025-03-16  70.194890 58.785648       0.369839 63.387143
2025-03-17  72.666450 54.644480       0.278907 69.040509